101110413
101110501
101110502
101110503
101110504
101110505
101110506
101110507
101110508
101110509
101110510
101110511
101110601
101110602
101110603
101110604
101110605
101110606
101110607
101110608
101110701
101110702
101110703
101110704
101110705
101110706
101110707
101110708
101110709
101110710
101110801
101110802
101110803
101110804
101110805
101110806
101110807
101110808
101110809
101110810
101110811
101110901
101110903
101110904
101110905
101110906
101110907
101110908
101110909
101110910
101110911
101110912
101111001
101111002
101111003
101111004
101111101
101120101
101120102
101120103
101120104
101120105
101120106
101120107
101120201
101120202
101120204
101120205
101120206
101120207
101120208
101120301
101120302
101120303
101120304
101120305
101120306
101120307
101120308
101120401
101120402
101120403
101120404
101120405
101120406
101120407
101120408
101120409
101120410
101120411
101120501
101120502
101120503
101120504
101120505
101120506
101120507
101120508
101120509
101120510
101120511
101120601
101120602
101120603
101120604
101120605
101120606
101120607
101120608
101120609
101120701
101120702
101120703
101120704
101120705
101120706
101120707
101120708
101120709
101120710
101120711
101120801
101120802
101120804
101120805
101120806
101120901
101120902
101120903
101120904
101120905
101120906
101120907
101120908
101120909
101120910
101121001
101121002
101121003
101121004
101121005
101121006
101121007
101121008
101121009
101121101
101121102
101121103
101121104
101121105
101121106
101121107
101121201
101121202
101121203
101121204
101121205
101121301
101121302
101121303
101121304
101121305
101121306
101121401
101121402
101121403
101121404
101121405
101121501
101121502
101121503
101121601
101121701
101121702
101121703
101121704
101121705
101121706
101121707
101121709
101130101
101130103
101130104
101130105
101130108
101130109
101130110
101130201
101130202
101130203
101130301
101130302
101130303
101130401
101130402
101130403
101130404
101130405
101130406
101130407
101130408
101130409
101130501
101130502
101130503
101130504
101130601
101130602
101130603
101130604
101130605
101130606
101130607
101130608
101130610
101130611
101130612
101130613
101130701
101130801
101130802
101130803
101130804
101130805
101130806
101130807
101130808
101130809
101130901
101130902
101130903
101130904
101130905
101130906
101130907
101130908
101130909
101130910
101130911
101130912
101131001
101131002
101131003
101131004
101131005
101131006
101131007
101131008
101131009
101131010
101131011
101131101
101131102
101131103
101131104
101131105
101131106
101131107
101131108
101131201
101131203
101131204
101131301
101131302
101131303
101131304
101131305
101131306
101131307
101131401
101131402
101131405
101131406
101131407
101131408
101131409
101131501
101131502
101131503
101131504
101131601
101131602
101131603
101131606
101140101
101140102
101140103
101140104
101140105
101140106
101140107
101140108
101140201
101140202
101140203
101140204
101140205
101140206
101140207
101140208
101140209
101140210
101140211
101140212
101140213
101140214
101140215
101140216
101140217
101140218
101140219
101140220
101140301
101140302
101140303
101140304
101140305
101140306
101140307
101140308
101140309
101140310
101140311
101140312
101140313
101140314
101140401
101140402
101140403
101140404
101140405
101140406
101140407
101140501
101140502
101140503
101140504
101140505
101140506
101140507
101140508
101140509
101140510
101140511
101140601
101140602
101140603
101140604
101140605
101140606
