101140607
101140608
101140609
101140610
101140701
101140702
101140703
101140704
101140705
101140706
101140707
101140708
101140709
101140710
101150101
101150102
101150103
101150104
101150201
101150202
101150203
101150204
101150205
101150206
101150207
101150208
101150301
101150302
101150303
101150304
101150305
101150401
101150404
101150406
101150407
101150408
101150409
101150501
101150502
101150503
101150504
101150505
101150506
101150507
101150508
101150601
101150602
101150603
101150604
101150605
101150606
101150701
101150708
101150709
101150712
101150713
101150714
101150715
101150716
101150801
101150802
101150803
101150804
101150806
101150901
101150902
101160101
101160102
101160103
101160104
101160201
101160202
101160203
101160204
101160205
101160206
101160207
101160208
101160301
101160302
101160303
101160304
101160305
101160306
101160307
101160308
101160401
101160402
101160403
101160404
101160405
101160406
101160407
101160408
101160409
101160501
101160502
101160503
101160505
101160601
101160602
101160701
101160702
101160703
101160704
101160705
101160706
101160801
101160803
101160804
101160805
101160806
101160807
101160808
101160901
101160903
101160904
101160905
101160906
101160907
101160908
101161001
101161002
101161003
101161004
101161005
101161006
101161007
101161008
101161009
101161101
101161102
101161103
101161104
101161105
101161106
101161107
101161201
101161202
101161203
101161204
101161205
101161206
101161207
101161208
101161301
101161302
101161303
101161304
101161305
101161401
101170101
101170102
101170103
101170104
101170201
101170202
101170203
101170204
101170206
101170301
101170302
101170303
101170306
101170401
101170402
101170403
101170404
101170406
101170501
101170502
101170504
101180101
101180102
101180103
101180104
101180105
101180106
101180107
101180108
101180201
101180202
101180203
101180204
101180205
101180301
101180302
101180303
101180304
101180305
101180306
101180307
101180308
101180401
101180402
101180403
101180404
101180405
101180501
101180502
101180503
101180504
101180505
101180506
101180507
101180508
101180601
101180602
101180603
101180604
101180605
101180606
101180607
101180608
101180609
101180701
101180702
101180703
101180704
101180705
101180706
101180707
101180708
101180709
101180710
101180711
101180712
101180801
101180802
101180803
101180804
101180805
101180901
101180902
101180903
101180904
101180905
101180906
101180907
101180908
101180909
101180910
101180911
101181001
101181003
101181004
101181005
101181006
101181007
101181008
101181009
101181101
101181102
101181103
101181104
101181106
101181107
101181108
101181201
101181202
101181203
101181301
101181302
101181303
101181304
101181305
101181401
101181402
101181403
101181404
101181405
101181406
101181407
101181408
101181409
101181410
101181501
101181502
101181503
101181504
101181601
101181602
101181603
101181604
101181605
101181606
101181607
101181608
101181609
101181610
101181701
101181702
101181703
101181704
101181705
101181706
101181801
101190101
101190102
101190103
101190104
101190105
101190106
101190107
101190201
101190202
101190203
101190204
101190301
101190302
101190303
101190304
101190305
101190401
101190402
101190403
101190404
101190405
101190407
101190408
101190501
101190502
101190503
101190504
101190507
101190508
101190509
101190601
101190602
101190603
101190604
101190605
101190606
101190701
101190702
101190703
101190704
101190705
101190706
101190707
101190708
101190709
101190801
101190802
101190803
101190804
101190805
101190806
101190807
101190901
