101010100
101010200
101010300
101010400
101010500
101010600
101010700
101010800
101010900
101011000
101011100
101011200
101011300
101011400
101011500
101020100
101020200
101020300
101020500
101020600
101020700
101020800
101020900
101021000
101021100
101021200
101021300
101030100
101030200
101030300
101030400
101030500
101030600
101030700
101030800
101030900
101031000
101031100
101031200
101031400
101040100
101040200
101040300
101040400
101040500
101040600
101040700
101040800
101040900
101041000
101041100
101041300
101041400
101041500
101041600
101041700
101041800
101041900
101042000
101042100
101042200
101042300
101042400
101042500
101042600
101042700
101042800
101042900
101043000
101043100
101043200
101043300
101043400
101043600
101050101
101050102
101050103
101050104
101050105
101050106
101050107
101050108
101050109
101050110
101050111
101050112
101050113
101050201
101050202
101050203
101050204
101050205
101050206
101050207
101050208
101050209
101050210
101050301
101050302
101050303
101050304
101050305
101050306
101050307
101050401
101050402
101050403
101050404
101050405
101050406
101050407
101050501
101050502
101050503
101050504
101050505
101050506
101050507
101050508
101050509
101050510
101050601
101050602
101050603
101050604
101050605
101050606
101050701
101050702
101050703
101050704
101050705
101050706
101050708
101050801
101050802
101050803
101050804
101050805
101050901
101050902
101050903
101050904
101050905
101051002
101051003
101051101
101051102
101051103
101051104
101051201
101051202
101051203
101051301
101051302
101051303
101051304
101051305
101060101
101060102
101060103
101060104
101060105
101060106
101060201
101060202
101060203
101060204
101060205
101060206
101060301
101060302
101060303
101060304
101060305
101060307
101060308
101060309
101060312
101060401
101060402
101060403
101060404
101060405
101060501
101060502
101060503
101060504
101060505
101060506
101060601
101060602
101060603
101060604
101060605
101060701
101060702
101060703
101060801
101060802
101060803
101060804
101060805
101060901
101060902
101060903
101060904
101060905
101060906
101060907
101070101
101070103
101070104
101070105
101070106
101070201
101070202
101070203
101070204
101070205
101070206
101070207
101070301
101070302
101070303
101070304
101070401
101070402
101070403
101070404
101070501
101070502
101070504
101070601
101070602
101070603
101070604
101070701
101070702
101070704
101070705
101070706
101070801
101070802
101070803
101070901
101070902
101071001
101071002
101071003
101071004
101071101
101071102
101071103
101071104
101071105
101071201
101071203
101071204
101071205
101071207
101071301
101071302
101071303
101071401
101071402
101071403
101071404
101080101
101080102
101080103
101080104
101080105
101080106
101080107
101080201
101080202
101080203
101080204
101080205
101080206
101080207
101080301
101080401
101080402
101080403
101080404
101080406
101080407
101080408
101080409
101080410
101080411
101080412
101080501
101080502
101080503
101080504
101080505
101080506
101080507
101080508
101080509
101080510
101080511
101080601
101080603
101080604
101080605
101080606
101080607
101080608
101080609
101080610
101080611
101080612
101080613
101080614
101080615
101080701
101080703
101080704
101080705
101080706
101080707
101080708
101080709
101080710
101080711
101080712
101080713
101080801
101080802
101080803
101080804
101080805
101080806
101080807
101080808
101080809
101080810
101080901
101080903
101080904
101080906
101080907
101080908
101080909
101080910
101080911
