101080912
101080913
101080914
101080915
101080916
101080917
101081000
101081001
101081002
101081003
101081004
101081005
101081006
101081007
101081008
101081009
101081010
101081011
101081012
101081014
101081015
101081016
101081101
101081102
101081103
101081104
101081105
101081106
101081107
101081108
101081109
101081201
101081202
101081203
101081204
101081205
101081206
101081207
101081208
101081209
101081210
101081211
101081212
101090101
101090102
101090103
101090104
101090105
101090106
101090107
101090108
101090109
101090110
101090111
101090112
101090113
101090114
101090115
101090116
101090117
101090118
101090201
101090202
101090203
101090204
101090205
101090206
101090207
101090209
101090210
101090211
101090212
101090214
101090215
101090216
101090217
101090218
101090219
101090220
101090221
101090222
101090223
101090224
101090225
101090301
101090302
101090303
101090304
101090305
101090306
101090307
101090308
101090309
101090310
101090311
101090312
101090313
101090314
101090402
101090403
101090404
101090405
101090406
101090407
101090408
101090409
101090410
101090501
101090502
101090503
101090504
101090505
101090506
101090507
101090508
101090509
101090510
101090511
101090512
101090601
101090602
101090603
101090604
101090605
101090606
101090607
101090608
101090609
101090701
101090702
101090703
101090704
101090705
101090706
101090707
101090708
101090709
101090710
101090711
101090712
101090713
101090714
101090716
101090801
101090802
101090803
101090804
101090805
101090806
101090807
101090808
101090809
101090810
101090811
101090901
101090902
101090904
101090905
101090906
101090907
101090908
101090909
101090910
101090911
101090912
101090913
101090914
101090915
101090916
101090917
101090918
101090919
101091001
101091002
101091003
101091004
101091005
101091006
101091007
101091008
101091009
101091010
101091011
101091012
101091013
101091014
101091015
101091016
101091101
101091102
101091103
101091104
101091105
101091106
101100101
101100102
101100103
101100104
101100105
101100106
101100107
101100201
101100202
101100203
101100204
101100205
101100206
101100207
101100208
101100301
101100302
101100303
101100401
101100402
101100403
101100404
101100405
101100406
101100407
101100408
101100409
101100410
101100411
101100412
101100501
101100502
101100503
101100504
101100505
101100506
101100507
101100508
101100509
101100510
101100511
101100601
101100602
101100603
101100604
101100605
101100606
101100701
101100702
101100703
101100704
101100705
101100706
101100707
101100708
101100709
101100710
101100711
101100712
101100713
101100714
101100715
101100716
101100717
101100801
101100802
101100803
101100804
101100805
101100806
101100807
101100808
101100809
101100810
101100811
101100812
101100813
101100901
101100902
101100903
101100904
101100905
101100906
101101001
101101002
101101003
101101004
101101005
101101006
101101007
101101008
101101009
101101010
101101011
101101012
101101013
101101014
101101015
101101100
101101101
101101102
101101103
101101104
101101105
101101106
101101107
101101108
101101109
101101110
101101111
101101112
101101113
101110101
101110102
101110103
101110104
101110105
101110106
101110107
101110200
101110201
101110202
101110203
101110204
101110205
101110206
101110207
101110208
101110209
101110210
101110211
101110300
101110301
101110302
101110303
101110304
101110305
101110306
101110307
101110308
101110309
101110310
101110311
101110312
101110401
101110402
101110403
101110404
101110405
101110406
101110407
101110408
101110409
101110410
101110411
101110412
