101270804
101270805
101270901
101270902
101270903
101270904
101271001
101271003
101271004
101271005
101271006
101271007
101271101
101271103
101271104
101271105
101271106
101271107
101271108
101271109
101271110
101271111
101271201
101271202
101271203
101271204
101271205
101271301
101271302
101271303
101271304
101271401
101271402
101271403
101271404
101271405
101271406
101271407
101271408
101271409
101271501
101271502
101271503
101271504
101271505
101271506
101271601
101271603
101271604
101271605
101271606
101271607
101271608
101271609
101271610
101271611
101271612
101271613
101271614
101271615
101271616
101271617
101271618
101271619
101271701
101271702
101271703
101271704
101271705
101271706
101271707
101271708
101271801
101271802
101271803
101271804
101271805
101271806
101271807
101271808
101271809
101271810
101271811
101271812
101271813
101271814
101271815
101271816
101271817
101271818
101271901
101271902
101271903
101271904
101271905
101271906
101271907
101271908
101271909
101271910
101271911
101271912
101271913
101271914
101272001
101272002
101272003
101272004
101272005
101272006
101272101
101272102
101272103
101272104
101272105
101280101
101280102
101280103
101280104
101280105
101280201
101280202
101280203
101280204
101280205
101280206
101280207
101280208
101280209
101280210
101280211
101280301
101280302
101280303
101280304
101280305
101280401
101280402
101280403
101280404
101280406
101280407
101280408
101280409
101280501
101280502
101280503
101280504
101280601
101280701
101280702
101280703
101280800
101280801
101280802
101280803
101280804
101280901
101280902
101280903
101280905
101280906
101280907
101280908
101281001
101281002
101281003
101281004
101281005
101281006
101281007
101281008
101281009
101281010
101281101
101281103
101281104
101281105
101281106
101281107
101281108
101281109
101281201
101281202
101281203
101281204
101281205
101281206
101281301
101281302
101281303
101281304
101281305
101281306
101281307
101281308
101281401
101281402
101281403
101281404
101281406
101281501
101281502
101281503
101281601
101281701
101281801
101281802
101281803
101281804
101281901
101281902
101281903
101281904
101281905
101282001
101282002
101282003
101282004
101282005
101282006
101282101
101282102
101282103
101282104
101290101
101290103
101290104
101290105
101290106
101290107
101290108
101290109
101290110
101290111
101290112
101290113
101290201
101290202
101290203
101290204
101290205
101290206
101290207
101290208
101290209
101290210
101290211
101290212
101290301
101290302
101290303
101290304
101290305
101290306
101290307
101290308
101290309
101290310
101290311
101290312
101290313
101290401
101290402
101290403
101290404
101290405
101290406
101290407
101290408
101290409
101290501
101290503
101290504
101290505
101290506
101290601
101290602
101290603
101290604
101290605
101290606
101290607
101290608
101290701
101290702
101290703
101290704
101290705
101290706
101290707
101290708
101290709
101290801
101290802
101290803
101290804
101290805
101290806
101290807
101290808
101290809
101290810
101290901
101290902
101290903
101290904
101290906
101290907
101290908
101290909
101290911
101290912
101291001
101291002
101291003
101291004
101291005
101291006
101291007
101291008
101291009
101291010
101291011
101291101
101291102
101291103
101291104
101291105
101291106
101291107
101291108
101291201
101291203
101291204
101291205
101291206
101291207
101291301
101291302
101291303
101291304
101291401
101291402
101291403
101291404
101291501
101291503
101291504
101291506
