101230901
101230902
101230903
101230904
101230905
101230906
101230907
101230908
101230909
101230910
101231001
101240101
101240102
101240103
101240104
101240105
101240106
101240201
101240202
101240203
101240204
101240205
101240206
101240207
101240208
101240209
101240210
101240212
101240213
101240301
101240302
101240303
101240305
101240306
101240307
101240308
101240309
101240310
101240311
101240312
101240313
101240401
101240402
101240403
101240404
101240405
101240406
101240407
101240408
101240409
101240410
101240411
101240501
101240502
101240503
101240504
101240505
101240506
101240507
101240508
101240509
101240510
101240601
101240602
101240603
101240604
101240605
101240606
101240607
101240608
101240609
101240610
101240611
101240612
101240613
101240701
101240702
101240703
101240704
101240705
101240706
101240707
101240708
101240709
101240710
101240711
101240712
101240713
101240714
101240715
101240716
101240717
101240718
101240801
101240802
101240803
101240901
101240902
101240903
101240904
101240905
101240906
101241001
101241002
101241101
101241102
101241103
101250101
101250102
101250103
101250104
101250105
101250201
101250202
101250203
101250301
101250302
101250303
101250305
101250306
101250401
101250402
101250403
101250404
101250405
101250406
101250407
101250408
101250409
101250501
101250502
101250503
101250504
101250505
101250507
101250508
101250509
101250510
101250511
101250512
101250601
101250602
101250603
101250604
101250605
101250606
101250607
101250608
101250700
101250701
101250702
101250703
101250704
101250705
101250801
101250802
101250803
101250805
101250806
101250901
101250902
101250903
101250904
101250905
101250906
101250907
101250908
101250909
101250910
101251001
101251002
101251003
101251004
101251005
101251006
101251101
101251102
101251103
101251104
101251201
101251203
101251204
101251205
101251206
101251207
101251208
101251209
101251210
101251211
101251212
101251213
101251401
101251402
101251403
101251404
101251405
101251406
101251407
101251408
101251409
101251410
101251411
101251501
101251502
101251503
101251504
101251505
101251506
101251507
101251508
101260101
101260102
101260103
101260104
101260105
101260106
101260107
101260108
101260109
101260110
101260111
101260201
101260202
101260203
101260204
101260205
101260206
101260207
101260208
101260209
101260210
101260211
101260212
101260213
101260214
101260215
101260301
101260302
101260303
101260304
101260305
101260306
101260401
101260402
101260403
101260404
101260405
101260406
101260407
101260408
101260409
101260410
101260411
101260412
101260501
101260502
101260503
101260504
101260505
101260507
101260508
101260509
101260510
101260511
101260512
101260513
101260514
101260515
101260516
101260517
101260601
101260602
101260603
101260604
101260605
101260607
101260608
101260609
101260610
101260611
101260701
101260702
101260703
101260704
101260705
101260706
101260707
101260708
101260801
101260802
101260804
101260901
101260902
101260903
101260904
101260905
101260907
101260908
101260909
101270101
101270102
101270103
101270104
101270105
101270106
101270107
101270108
101270109
101270110
101270111
101270112
101270113
101270114
101270115
101270201
101270202
101270203
101270204
101270301
101270302
101270303
101270401
101270402
101270403
101270404
101270405
101270406
101270407
101270408
101270501
101270502
101270503
101270504
101270505
101270506
101270507
101270601
101270602
101270603
101270604
101270605
101270606
101270607
101270608
101270701
101270702
101270703
101270801
101270802
101270803
