101291507
101291508
101291601
101291603
101291605
101300101
101300103
101300104
101300105
101300106
101300107
101300108
101300109
101300201
101300202
101300203
101300204
101300205
101300206
101300207
101300301
101300302
101300304
101300305
101300306
101300307
101300308
101300401
101300402
101300403
101300404
101300405
101300406
101300501
101300503
101300504
101300505
101300506
101300507
101300508
101300509
101300510
101300511
101300512
101300513
101300514
101300601
101300602
101300604
101300605
101300606
101300607
101300701
101300702
101300703
101300704
101300801
101300802
101300803
101300901
101300902
101300903
101300904
101300905
101300906
101301001
101301002
101301003
101301004
101301005
101301006
101301007
101301008
101301009
101301010
101301011
101301012
101301101
101301102
101301103
101301201
101301202
101301203
101301204
101301205
101301206
101301207
101301208
101301209
101301210
101301211
101301301
101301302
101301303
101301401
101301402
101301403
101301405
101310101
101310201
101310202
101310203
101310204
101310205
101310206
101310207
101310208
101310209
101310210
101310211
101310212
101310214
101310215
101310216
101310217
101310220
101310221
101310222
101320101
101320103
101330101
101330102
101330103
101340101
101340102
101340103
101340104
101340201
101340202
101340203
101340204
101340205
101340401
101340402
101340403
101340404
101340405
101340406