101190902
101190903
101190904
101190905
101190906
101190908
101191001
101191002
101191003
101191004
101191005
101191101
101191102
101191103
101191104
101191201
101191202
101191203
101191204
101191205
101191301
101191302
101191303
101191304
101191305
101200101
101200102
101200103
101200104
101200105
101200106
101200201
101200202
101200203
101200204
101200205
101200206
101200207
101200208
101200301
101200302
101200401
101200402
101200403
101200404
101200405
101200406
101200407
101200501
101200502
101200503
101200504
101200505
101200506
101200507
101200508
101200509
101200510
101200601
101200602
101200603
101200604
101200605
101200606
101200701
101200702
101200703
101200704
101200705
101200706
101200801
101200802
101200803
101200804
101200805
101200806
101200807
101200901
101200902
101200903
101200904
101200905
101200906
101200907
101200908
101200909
101200910
101200911
101200912
101201001
101201002
101201003
101201004
101201005
101201006
101201007
101201008
101201101
101201102
101201103
101201104
101201105
101201106
101201107
101201108
101201109
101201201
101201301
101201302
101201401
101201402
101201403
101201404
101201405
101201406
101201501
101201601
101201701
101210101
101210102
101210103
101210104
101210105
101210106
101210107
101210108
101210201
101210202
101210203
101210204
101210301
101210302
101210303
101210304
101210305
101210306
101210401
101210403
101210404
101210405
101210406
101210408
101210410
101210411
101210412
101210501
101210502
101210503
101210504
101210505
101210506
101210601
101210603
101210604
101210605
101210606
101210607
101210609
101210610
101210611
101210612
101210613
101210701
101210702
101210703
101210704
101210705
101210706
101210707
101210708
101210709
101210801
101210802
101210803
101210804
101210805
101210806
101210807
101210808
101210809
101210901
101210902
101210903
101210904
101210905
101210906
101210907
101210908
101211001
101211002
101211003
101211004
101211005
101211006
101211101
101211102
101211104
101211105
101211106
101220101
101220102
101220103
101220104
101220105
101220106
101220201
101220202
101220203
101220204
101220301
101220302
101220303
101220304
101220305
101220401
101220402
101220403
101220501
101220502
101220503
101220504
101220601
101220602
101220603
101220604
101220605
101220606
101220607
101220608
101220609
101220701
101220702
101220703
101220704
101220705
101220801
101220802
101220803
101220804
101220805
101220806
101220901
101220902
101220903
101220904
101221001
101221002
101221003
101221004
101221005
101221006
101221007
101221008
101221101
101221102
101221103
101221104
101221105
101221106
101221107
101221201
101221202
101221301
101221401
101221402
101221403
101221404
101221405
101221406
101221407
101221501
101221502
101221503
101221505
101221506
101221507
101221601
101221602
101221603
101221604
101221605
101221701
101221702
101221703
101221704
101221705
101230101
101230102
101230103
101230104
101230105
101230107
101230108
101230110
101230111
101230201
101230202
101230301
101230302
101230303
101230304
101230305
101230306
101230307
101230308
101230309
101230401
101230402
101230403
101230404
101230405
101230406
101230407
101230501
101230502
101230504
101230505
101230506
101230507
101230508
101230509
101230510
101230601
101230602
101230603
101230604
101230605
101230606
101230607
101230608
101230609
101230610
101230701
101230702
101230703
101230704
101230705
101230706
101230707
101230801
101230802
101230803
101230804
101230805
101230806
101230807
101230808
101230809
101230810
101230811
